 Decomposition Matrices:
 Matrix U
    -0.219236   -0.742923    0.522117
    -0.321266   -0.443608   -0.245387
    -0.423296   -0.144292   -0.527383
    -0.525326    0.155023   -0.297540
    -0.627356    0.454339    0.548193
 Diagonal of Matrix W
    16.701031    1.037092    0.000000
 Matrix V-Transpose
    -0.441275   -0.568002   -0.694730
     0.799131    0.103473   -0.592185
    -0.408248    0.816497   -0.408248
 Check product against original matrix:
 Original Matrix:
     1.000000    2.000000    3.000000
     2.000000    3.000000    4.000000
     3.000000    4.000000    5.000000
     4.000000    5.000000    6.000000
     5.000000    6.000000    7.000000
 Product U*W*(V-Transpose):
     1.000000    2.000000    3.000001
     2.000000    3.000000    4.000000
     3.000000    4.000000    5.000001
     4.000000    5.000000    6.000001
     5.000000    6.000000    7.000000
 ***********************************
 Press RETURN for next problem
 Decomposition Matrices:
 Matrix U
    -0.363117   -0.641961    0.523447   -0.377809    0.198233
    -0.381646   -0.440409   -0.174589    0.601674   -0.517584
    -0.419648   -0.100586   -0.639804    0.021296    0.635591
    -0.479064    0.270818   -0.251817   -0.614293   -0.506347
    -0.562925    0.557195    0.471977    0.342695    0.180131
 Diagonal of Matrix W
    19.597635    3.185097    0.749886    0.385723    0.276932
 Matrix V-Transpose
    -0.363117   -0.381646   -0.419649   -0.479064   -0.562925
     0.641961    0.440409    0.100586   -0.270818   -0.557195
    -0.523447    0.174589    0.639804    0.251816   -0.471977
     0.377808   -0.601674   -0.021296    0.614293   -0.342695
    -0.198233    0.517584   -0.635590    0.506347   -0.180131
 Check product against original matrix:
 Original Matrix:
     1.000000    2.000000    3.000000    4.000000    5.000000
     2.000000    2.000000    3.000000    4.000000    5.000000
     3.000000    3.000000    3.000000    4.000000    5.000000
     4.000000    4.000000    4.000000    4.000000    5.000000
     5.000000    5.000000    5.000000    5.000000    5.000000
 Product U*W*(V-Transpose):
     1.000001    2.000001    3.000001    4.000000    5.000002
     2.000000    2.000000    3.000000    3.999999    5.000000
     3.000000    3.000000    3.000000    3.999999    5.000000
     4.000000    4.000000    4.000000    3.999998    5.000000
     5.000000    4.999999    5.000000    4.999999    5.000000
 ***********************************
 Press RETURN for next problem
 Decomposition Matrices:
 Matrix U
    -0.403927   -0.123898    0.287703   -0.200314   -0.537524    0.640048
    -0.353729    0.373714    0.751240    0.209291    0.322162   -0.152517
    -0.457606    0.385934   -0.478085    0.601434   -0.226633   -0.001283
    -0.414094    0.321511   -0.200359   -0.714971   -0.088792   -0.407364
    -0.394852   -0.207079   -0.280703   -0.113861    0.732258    0.416233
    -0.418250   -0.741479    0.073238    0.173781   -0.108773   -0.477368
 Diagonal of Matrix W
    30.634527    9.954133    5.350267    4.867327    1.819681    1.119592
 Matrix V-Transpose
    -0.348552   -0.510097   -0.430995   -0.317609   -0.416918   -0.397315
     0.090928    0.540705    0.077793   -0.543461   -0.597330    0.202895
    -0.905129    0.134551    0.330645   -0.069389    0.146159    0.164724
     0.055300   -0.155486    0.687702    0.355621   -0.490215   -0.364766
    -0.212118    0.313933   -0.465454    0.686520   -0.384793    0.142930
     0.054152   -0.553720    0.096350    0.034405   -0.244206    0.787628
 Check product against original matrix:
 Original Matrix:
     3.000000    5.300000    5.600000    3.500000    6.800000    5.700000
     0.400000    8.200000    6.700000    1.900000    2.200000    5.300000
     7.800000    8.300000    7.700000    3.300000    1.900000    4.800000
     5.500000    8.800000    3.000000    1.000000    5.100000    6.400000
     5.100000    5.100000    3.600000    5.800000    5.700000    4.900000
     3.500000    2.700000    5.700000    8.200000    9.600000    2.900000
 Product U*W*(V-Transpose):
     2.999998    5.299998    5.599999    3.499999    6.799996    5.699999
     0.399997    8.199996    6.699999    1.899999    2.200000    5.299998
     7.800000    8.299998    7.699997    3.300000    1.899999    4.799999
     5.499998    8.799995    2.999997    0.999999    5.099998    6.399999
     5.099998    5.099997    3.599997    5.799998    5.699997    4.899999
     3.499998    2.699997    5.699998    8.199999    9.599998    2.899998
 ***********************************
 Press RETURN for next problem
